Mar 9, 2021	3,875.44
Jan 1, 2021	3,793.75
Jan 1, 2020	3,324.09
Jan 1, 2019	2,709.63
Jan 1, 2018	2,944.17
Jan 1, 2017	2,450.72
Jan 1, 2016	2,118.35
Jan 1, 2015	2,270.09
Jan 1, 2014	2,037.90
Jan 1, 2013	1,681.63
Jan 1, 2012	1,500.93
Jan 1, 2011	1,523.50
Jan 1, 2010	1,356.37
Jan 1, 2009	1,072.35
Jan 1, 2008	1,708.64
Jan 1, 2007	1,840.44
Jan 1, 2006	1,686.80
Jan 1, 2005	1,620.53
Jan 1, 2004	1,599.60
Jan 1, 2003	1,289.68
Jan 1, 2002	1,684.12
Jan 1, 2001	1,995.30
Jan 1, 2000	2,209.17
Jan 1, 1999	1,988.17
Jan 1, 1998	1,559.39
Jan 1, 1997	1,259.77
Jan 1, 1996	1,040.94
Jan 1, 1995	809.72
Jan 1, 1994	846.28
Jan 1, 1993	798.38
Jan 1, 1992	788.12
Jan 1, 1991	632.56
Jan 1, 1990	698.04
Jan 1, 1989	616.48
Jan 1, 1988	566.35
Jan 1, 1987	622.20
Jan 1, 1986	496.91
Jan 1, 1985	425.47
Jan 1, 1984	427.16
Jan 1, 1983	385.95
Jan 1, 1982	325.38
Jan 1, 1981	399.89
Jan 1, 1980	372.87
Jan 1, 1979	381.88
Jan 1, 1978	377.72
Jan 1, 1977	464.14
Jan 1, 1976	455.70
Jan 1, 1975	364.31
Jan 1, 1974	539.50
Jan 1, 1973	727.03
Jan 1, 1972	657.46
Jan 1, 1971	614.45
Jan 1, 1970	624.96
Jan 1, 1969	749.48
Jan 1, 1968	729.05
Jan 1, 1967	671.45
Jan 1, 1966	767.64
Jan 1, 1965	722.03
Jan 1, 1964	647.18
Jan 1, 1963	559.82
Jan 1, 1962	602.25
Jan 1, 1961	524.22
Jan 1, 1960	518.08
Jan 1, 1959	501.70
Jan 1, 1958	376.09
Jan 1, 1957	430.57
Jan 1, 1956	430.93
Jan 1, 1955	348.78
Jan 1, 1954	247.58
Jan 1, 1953	257.45
Jan 1, 1952	238.78
Jan 1, 1951	218.43
Jan 1, 1950	187.89
Jan 1, 1949	167.41
Jan 1, 1948	163.68
Jan 1, 1947	185.05
Jan 1, 1946	258.99
Jan 1, 1945	198.24
Jan 1, 1944	178.15
Jan 1, 1943	156.18
Jan 1, 1942	148.79
Jan 1, 1941	195.72
Jan 1, 1940	231.47
Jan 1, 1939	233.56
Jan 1, 1938	208.34
Jan 1, 1937	326.33
Jan 1, 1936	260.82
Jan 1, 1935	178.11
Jan 1, 1934	208.87
Jan 1, 1933	143.77
Jan 1, 1932	151.83
Jan 1, 1931	262.90
Jan 1, 1930	332.10
Jan 1, 1929	380.29
Jan 1, 1928	265.06
Jan 1, 1927	200.30
Jan 1, 1926	184.86
Jan 1, 1925	159.97
Jan 1, 1924	133.51
Jan 1, 1923	138.58
Jan 1, 1922	112.99
Jan 1, 1921	97.89
Jan 1, 1920	119.68
Jan 1, 1919	124.45
Jan 1, 1918	134.71
Jan 1, 1917	213.96
Jan 1, 1916	234.67
Jan 1, 1915	193.73
Jan 1, 1914	218.94
Jan 1, 1913	248.24
Jan 1, 1912	261.30
Jan 1, 1911	262.72
Jan 1, 1910	266.34
Jan 1, 1909	265.09
Jan 1, 1908	206.91
Jan 1, 1907	282.57
Jan 1, 1906	304.82
Jan 1, 1905	260.35
Jan 1, 1904	211.03
Jan 1, 1903	255.54
Jan 1, 1902	268.87
Jan 1, 1901	239.87
Jan 1, 1900	201.98
Jan 1, 1899	235.27
Jan 1, 1898	191.67
Jan 1, 1897	170.61
Jan 1, 1896	167.71
Jan 1, 1895	169.21
Jan 1, 1894	164.97
Jan 1, 1893	185.76
Jan 1, 1892	196.63
Jan 1, 1891	162.31
Jan 1, 1890	184.93
Jan 1, 1889	171.55
Jan 1, 1888	165.95
Jan 1, 1887	182.68
Jan 1, 1886	170.24
Jan 1, 1885	133.95
Jan 1, 1884	146.80
Jan 1, 1883	152.13
Jan 1, 1882	152.12
Jan 1, 1881	171.89
Jan 1, 1880	133.80
Jan 1, 1879	113.10
Jan 1, 1878	92.11
Jan 1, 1877	84.88
Jan 1, 1876	107.53
Jan 1, 1875	103.18
Jan 1, 1874	98.54
Jan 1, 1873	103.30
Jan 1, 1872	100.50
Jan 1, 1871	93.21